# Resultados do Benchmark
# Tempos em microsegundos (us)

## Tempos brutos totais (incluindo warm-up)
5055
5733
5622
5361
13129
6194
5800
5185
5022
4628
4407
4105
4522
4124
4641
4004
4364
4304
5457
4349
5140
4507
4235
4926
4459
4720
4012
4457
4201
4372
3927
4247

## Tempos sem warm-up
5622
5361
13129
6194
5800
5185
5022
4628
4407
4105
4522
4124
4641
4004
4364
4304
5457
4349
5140
4507
4235
4926
4459
4720
4012
4457
4201
4372
3927
4247

## Tempos sem outliers
5622
5361
6194
5800
5185
5022
4628
4407
4105
4522
4124
4641
4004
4364
4304
5457
4349
5140
4507
4235
4926
4459
4720
4012
4457
4201
4372
3927
4247

## Estatisticas
Média: 4665,24 us
Desvio padrão: 583,82 us
