# Resultados do Benchmark
# Tempos em microsegundos (us)

## Tempos brutos totais (incluindo warm-up)
3933
3779
3548
3295
3991
3146
4266
3700
3666
3433
15107
4133
4221
3047
3841
3152
3393
3906
3620
3068
3164
3656
3418
3864
3378
3070
3634
3427
3200
3043
2992
3102

## Tempos sem warm-up
3548
3295
3991
3146
4266
3700
3666
3433
15107
4133
4221
3047
3841
3152
3393
3906
3620
3068
3164
3656
3418
3864
3378
3070
3634
3427
3200
3043
2992
3102

## Tempos sem outliers
3548
3295
3991
3146
4266
3700
3666
3433
4133
4221
3047
3841
3152
3393
3906
3620
3068
3164
3656
3418
3864
3378
3070
3634
3427
3200
3043
2992
3102

## Estatisticas
Média: 3495,66 us
Desvio padrão: 379,11 us
