# Resultados do Benchmark
# Tempos em microsegundos (us)

## Tempos brutos totais (incluindo warm-up)
5902
4495
4072
4131
4405
4419
4429
4673
5036
4354
4248
4542
4255
4419
4485
4365
4867
4301
4235
4259
3967
4365
4857
4308
4068
4035
4535
4086
3990
4131
4179
4337

## Tempos sem warm-up
4072
4131
4405
4419
4429
4673
5036
4354
4248
4542
4255
4419
4485
4365
4867
4301
4235
4259
3967
4365
4857
4308
4068
4035
4535
4086
3990
4131
4179
4337

## Tempos sem outliers
4072
4131
4405
4419
4429
4673
4354
4248
4542
4255
4419
4485
4365
4867
4301
4235
4259
3967
4365
4857
4308
4068
4035
4535
4086
3990
4131
4179
4337

## Estatisticas
Média: 4321,28 us
Desvio padrão: 230,35 us
