# Resultados do Benchmark
# Tempos em microsegundos (us)

## Tempos brutos totais (incluindo warm-up)
3393
3054
3084
2706
3086
3102
3400
3263
3888
4643
3603
4104
3527
2995
2949
2927
2701
2487
2807
2714
2829
2732
2723
2835
2765
2677
2650
2750
2676
9397
3195
3157

## Tempos sem warm-up
3084
2706
3086
3102
3400
3263
3888
4643
3603
4104
3527
2995
2949
2927
2701
2487
2807
2714
2829
2732
2723
2835
2765
2677
2650
2750
2676
9397
3195
3157

## Tempos sem outliers
3084
2706
3086
3102
3400
3263
3888
3603
4104
3527
2995
2949
2927
2701
2487
2807
2714
2829
2732
2723
2835
2765
2677
2650
2750
2676
3195
3157

## Estatisticas
Média: 3011,86 us
Desvio padrão: 393,56 us
