# Resultados do Benchmark
# Tempos em microsegundos (us)

## Tempos brutos totais (incluindo warm-up)
3712
3478
3194
2998
3051
3001
3236
3258
3299
2986
2953
2998
2844
3414
2842
3130
3007
3303
2890
3000
3079
3277
4380
3680
3916
3883
3550
3693
3960
5042
3797
4068

## Tempos sem warm-up
3194
2998
3051
3001
3236
3258
3299
2986
2953
2998
2844
3414
2842
3130
3007
3303
2890
3000
3079
3277
4380
3680
3916
3883
3550
3693
3960
5042
3797
4068

## Tempos sem outliers
3194
2998
3051
3001
3236
3258
3299
2986
2953
2998
2844
3414
2842
3130
3007
3303
2890
3000
3079
3277
4380
3680
3916
3883
3550
3693
3960
3797
4068

## Estatisticas
Média: 3334,03 us
Desvio padrão: 418,70 us
