# Resultados do Benchmark
# Tempos em microsegundos (us)

## Tempos brutos totais (incluindo warm-up)
5419
5040
5357
5172
4550
4486
4783
4473
4374
4610
4287
5866
4381
4391
5284
3884
4508
4606
3781
4449
4231
4433
4065
3949
4003
4212
4214
4396
4025
4081
4347
4558

## Tempos sem warm-up
5357
5172
4550
4486
4783
4473
4374
4610
4287
5866
4381
4391
5284
3884
4508
4606
3781
4449
4231
4433
4065
3949
4003
4212
4214
4396
4025
4081
4347
4558

## Tempos sem outliers
4550
4486
4783
4473
4374
4610
4287
4381
4391
3884
4508
4606
3781
4449
4231
4433
4065
3949
4003
4212
4214
4396
4025
4081
4347
4558

## Estatisticas
Média: 4310,65 us
Desvio padrão: 251,50 us
