# Resultados do Benchmark
# Tempos em microsegundos (us)

## Tempos brutos totais (incluindo warm-up)
19476
20923
5652
5360
4681
5280
5353
5175
4795
4723
5008
4838
4494
4394
5048
4448
4418
4427
4600
4442
4324
4523
4490
4555
4379
4347
4477
4495
4300
4335
4394
4487

## Tempos sem warm-up
5652
5360
4681
5280
5353
5175
4795
4723
5008
4838
4494
4394
5048
4448
4418
4427
4600
4442
4324
4523
4490
4555
4379
4347
4477
4495
4300
4335
4394
4487

## Tempos sem outliers
5360
4681
5280
5353
5175
4795
4723
5008
4838
4494
4394
5048
4448
4418
4427
4600
4442
4324
4523
4490
4555
4379
4347
4477
4495
4300
4335
4394
4487

## Estatisticas
Média: 4641,03 us
Desvio padrão: 326,66 us
