# Resultados do Benchmark
# Tempos em microsegundos (us)

## Tempos brutos totais (incluindo warm-up)
4290
4487
4124
4030
4314
4790
6210
3011
3058
2793
4119
3183
3085
3233
3130
3061
3037
3044
2961
3062
2956
2935
3025
3008
3049
3138
31268
3157
3371
3198
3087
3246

## Tempos sem warm-up
4124
4030
4314
4790
6210
3011
3058
2793
4119
3183
3085
3233
3130
3061
3037
3044
2961
3062
2956
2935
3025
3008
3049
3138
31268
3157
3371
3198
3087
3246

## Tempos sem outliers
4124
4030
3011
3058
2793
4119
3183
3085
3233
3130
3061
3037
3044
2961
3062
2956
2935
3025
3008
3049
3138
3157
3371
3198
3087
3246

## Estatisticas
Média: 3196,19 us
Desvio padrão: 348,95 us
