# Resultados do Benchmark
# Tempos em microsegundos (us)

## Tempos brutos totais (incluindo warm-up)
5418
3191
3846
3093
3479
3181
3990
3391
3215
3250
3652
3992
3314
3447
3323
3282
4858
3433
3279
3351
3114
3225
3195
3206
3232
3248
3132
3376
3212
3092
3176
3540

## Tempos sem warm-up
3846
3093
3479
3181
3990
3391
3215
3250
3652
3992
3314
3447
3323
3282
4858
3433
3279
3351
3114
3225
3195
3206
3232
3248
3132
3376
3212
3092
3176
3540

## Tempos sem outliers
3093
3479
3181
3391
3215
3250
3652
3314
3447
3323
3282
3433
3279
3351
3114
3225
3195
3206
3232
3248
3132
3376
3212
3092
3176
3540

## Estatisticas
Média: 3286,08 us
Desvio padrão: 140,67 us
