# Resultados do Benchmark
# Tempos em microsegundos (us)

## Tempos brutos totais (incluindo warm-up)
5245
4854
3776
4630
4628
4662
3329
3308
3373
10617
3294
3229
3195
5058
3319
3336
3415
3392
3348
3332
3222
3253
3292
3042
3395
3247
3295
3474
3379
3131
3402
3253

## Tempos sem warm-up
3776
4630
4628
4662
3329
3308
3373
10617
3294
3229
3195
5058
3319
3336
3415
3392
3348
3332
3222
3253
3292
3042
3395
3247
3295
3474
3379
3131
3402
3253

## Tempos sem outliers
3329
3308
3373
3294
3229
3195
3319
3336
3415
3392
3348
3332
3222
3253
3292
3042
3395
3247
3295
3474
3379
3131
3402
3253

## Estatisticas
Média: 3302,29 us
Desvio padrão: 96,31 us
