# Resultados do Benchmark
# Tempos em microsegundos (us)

## Tempos brutos totais (incluindo warm-up)
29474
10416
9868
10115
9413
7876
7599
7553
9313
8343
8408
8319
8551
8120
8228
8214
7942
8127
7945
8072
8246
8126
9189
8204
9030
8052
7840
7848
7857
7734
7806
7732

## Tempos sem warm-up
9868
10115
9413
7876
7599
7553
9313
8343
8408
8319
8551
8120
8228
8214
7942
8127
7945
8072
8246
8126
9189
8204
9030
8052
7840
7848
7857
7734
7806
7732

## Tempos sem outliers
7876
7599
7553
9313
8343
8408
8319
8551
8120
8228
8214
7942
8127
7945
8072
8246
8126
9189
8204
9030
8052
7840
7848
7857
7734
7806
7732

## Estatisticas
Média: 8158,30 us
Desvio padrão: 442,78 us
