# Resultados do Benchmark
# Tempos em microsegundos (us)

## Tempos brutos totais (incluindo warm-up)
25090
7488
7546
7271
7272
7094
6932
6882
7388
7027
6898
6775
6962
6815
6835
7579
6900
7276
7035
6931
6779
6937
6904
6938
6867
6615
6716
6630
7651
6893
6844
7011

## Tempos sem warm-up
7546
7271
7272
7094
6932
6882
7388
7027
6898
6775
6962
6815
6835
7579
6900
7276
7035
6931
6779
6937
6904
6938
6867
6615
6716
6630
7651
6893
6844
7011

## Tempos sem outliers
7546
7271
7272
7094
6932
6882
7388
7027
6898
6775
6962
6815
6835
7579
6900
7276
7035
6931
6779
6937
6904
6938
6867
6615
6716
6630
6893
6844
7011

## Estatisticas
Média: 6984,55 us
Desvio padrão: 243,04 us
