# Resultados do Benchmark
# Tempos em microsegundos (us)

## Tempos brutos totais (incluindo warm-up)
7674
8143
9409
8535
9671
8158
10618
10110
10298
10362
10404
10799
9934
9724
10778
10238
9781
10335
10050
11614
15741
12701
11344
11371
10751
10339
10904
10482
10828
7757
8911
9607

## Tempos sem warm-up
9409
8535
9671
8158
10618
10110
10298
10362
10404
10799
9934
9724
10778
10238
9781
10335
10050
11614
15741
12701
11344
11371
10751
10339
10904
10482
10828
7757
8911
9607

## Tempos sem outliers
9409
8535
9671
8158
10618
10110
10298
10362
10404
10799
9934
9724
10778
10238
9781
10335
10050
11614
11344
11371
10751
10339
10904
10482
10828
8911
9607

## Estatisticas
Média: 10198,33 us
Desvio padrão: 815,73 us
