# Resultados do Benchmark
# Tempos em microsegundos (us)

## Tempos brutos totais (incluindo warm-up)
7376
5771
6185
5646
5676
7108
6861
6723
7771
6036
6302
7388
7360
5825
6380
5901
6889
5745
8292
6991
6586
6000
7568
8845
8035
6876
5480
5636
5808
5620
7594
6025

## Tempos sem warm-up
6185
5646
5676
7108
6861
6723
7771
6036
6302
7388
7360
5825
6380
5901
6889
5745
8292
6991
6586
6000
7568
8845
8035
6876
5480
5636
5808
5620
7594
6025

## Tempos sem outliers
6185
5646
5676
7108
6861
6723
7771
6036
6302
7388
7360
5825
6380
5901
6889
5745
8292
6991
6586
6000
7568
8845
8035
6876
5480
5636
5808
5620
7594
6025

## Estatisticas
Média: 6638,40 us
Desvio padrão: 904,79 us
