# Resultados do Benchmark
# Tempos em microsegundos (us)

## Tempos brutos totais (incluindo warm-up)
5972
9078
7739
5411
4635
4581
5223
4828
4687
32116
4533
7120
4883
4549
4618
5308
4581
4532
5072
4833
4569
4496
4522
5796
4501
4557
4613
4599
4552
4459
4462
4514

## Tempos sem warm-up
7739
5411
4635
4581
5223
4828
4687
32116
4533
7120
4883
4549
4618
5308
4581
4532
5072
4833
4569
4496
4522
5796
4501
4557
4613
4599
4552
4459
4462
4514

## Tempos sem outliers
5411
4635
4581
5223
4828
4687
4533
4883
4549
4618
5308
4581
4532
5072
4833
4569
4496
4522
5796
4501
4557
4613
4599
4552
4459
4462
4514

## Estatisticas
Média: 4737,56 us
Desvio padrão: 338,30 us
