# Resultados do Benchmark
# Tempos em microsegundos (us)

## Tempos brutos totais (incluindo warm-up)
6351
6990
5786
6238
6188
5828
6019
6210
6407
6666
7287
6341
6941
6425
5644
8024
6645
6225
5574
6040
6143
6040
6084
10235
8888
6102
5951
6207
6331
7104
6274
6202

## Tempos sem warm-up
5786
6238
6188
5828
6019
6210
6407
6666
7287
6341
6941
6425
5644
8024
6645
6225
5574
6040
6143
6040
6084
10235
8888
6102
5951
6207
6331
7104
6274
6202

## Tempos sem outliers
5786
6238
6188
5828
6019
6210
6407
6666
7287
6341
6941
6425
5644
6645
6225
5574
6040
6143
6040
6084
6102
5951
6207
6331
7104
6274
6202

## Estatisticas
Média: 6255,63 us
Desvio padrão: 401,96 us
