# Resultados do Benchmark
# Tempos em microsegundos (us)

## Tempos brutos totais (incluindo warm-up)
8828
7693
5228
5199
5064
5328
5248
5432
5173
6232
5926
5565
6892
5251
6378
5645
5182
5258
7000
5385
5171
24285
5284
6009
7308
5335
7184
7092
10572
7421
7631
5947

## Tempos sem warm-up
5228
5199
5064
5328
5248
5432
5173
6232
5926
5565
6892
5251
6378
5645
5182
5258
7000
5385
5171
24285
5284
6009
7308
5335
7184
7092
10572
7421
7631
5947

## Tempos sem outliers
5228
5199
5064
5328
5248
5432
5173
6232
5926
5565
6892
5251
6378
5645
5182
5258
7000
5385
5171
5284
6009
7308
5335
7184
7092
7421
7631
5947

## Estatisticas
Média: 5920,29 us
Desvio padrão: 840,22 us
