# Resultados do Benchmark
# Tempos em microsegundos (us)

## Tempos brutos totais (incluindo warm-up)
68832
53014
10082
9497
9381
9076
7536
6797
6702
6820
7513
6767
6575
6660
6669
6603
6567
6666
6781
111626
6710
6800
6830
6929
6884
6788
8638
6945
6874
6804
6697
6680

## Tempos sem warm-up
10082
9497
9381
9076
7536
6797
6702
6820
7513
6767
6575
6660
6669
6603
6567
6666
6781
111626
6710
6800
6830
6929
6884
6788
8638
6945
6874
6804
6697
6680

## Tempos sem outliers
7536
6797
6702
6820
7513
6767
6575
6660
6669
6603
6567
6666
6781
6710
6800
6830
6929
6884
6788
8638
6945
6874
6804
6697
6680

## Estatisticas
Média: 6889,40 us
Desvio padrão: 434,11 us
