# Resultados do Benchmark
# Tempos em microsegundos (us)

## Tempos brutos totais (incluindo warm-up)
10035
10693
8277
8291
8924
8484
8783
7753
8628
8681
8644
10749
12626
9619
8605
7903
8207
8350
8431
8319
8096
9130
11534
13153
10102
9917
10465
8463
8177
9166
8660
7888

## Tempos sem warm-up
8277
8291
8924
8484
8783
7753
8628
8681
8644
10749
12626
9619
8605
7903
8207
8350
8431
8319
8096
9130
11534
13153
10102
9917
10465
8463
8177
9166
8660
7888

## Tempos sem outliers
8277
8291
8924
8484
8783
7753
8628
8681
8644
10749
9619
8605
7903
8207
8350
8431
8319
8096
9130
11534
10102
9917
10465
8463
8177
9166
8660
7888

## Estatisticas
Média: 8865,93 us
Desvio padrão: 927,08 us
