# Resultados do Benchmark
# Tempos em microsegundos (us)

## Tempos brutos totais (incluindo warm-up)
5208
4857
5104
4869
4911
5008
6414
4873
5225
4923
4891
6072
5625
5001
4924
4854
5343
6604
5977
4957
4888
4957
6514
4925
5282
5152
4789
4976
4799
5313
4939
6019

## Tempos sem warm-up
5104
4869
4911
5008
6414
4873
5225
4923
4891
6072
5625
5001
4924
4854
5343
6604
5977
4957
4888
4957
6514
4925
5282
5152
4789
4976
4799
5313
4939
6019

## Tempos sem outliers
5104
4869
4911
5008
4873
5225
4923
4891
6072
5625
5001
4924
4854
5343
5977
4957
4888
4957
4925
5282
5152
4789
4976
4799
5313
4939
6019

## Estatisticas
Média: 5133,19 us
Desvio padrão: 373,69 us
