# Resultados do Benchmark
# Tempos em microsegundos (us)

## Tempos brutos totais (incluindo warm-up)
8232
6834
7501
8515
11631
6954
6800
6664
7228
8480
7078
6053
7231
6646
7132
6479
6952
7185
6528
6447
7096
7226
7556
6913
6559
8063
6785
7380
7348
6517
6495
7609

## Tempos sem warm-up
7501
8515
11631
6954
6800
6664
7228
8480
7078
6053
7231
6646
7132
6479
6952
7185
6528
6447
7096
7226
7556
6913
6559
8063
6785
7380
7348
6517
6495
7609

## Tempos sem outliers
7501
8515
6954
6800
6664
7228
8480
7078
6053
7231
6646
7132
6479
6952
7185
6528
6447
7096
7226
7556
6913
6559
8063
6785
7380
7348
6517
6495
7609

## Estatisticas
Média: 7083,45 us
Desvio padrão: 584,00 us
