# Resultados do Benchmark
# Tempos em microsegundos (us)

## Tempos brutos totais (incluindo warm-up)
7770
5961
5925
5862
5812
5809
5903
5867
5881
5797
5838
5873
5865
5857
5838
5787
5870
5845
5878
5799
5838
5878
5811
5766
5826
5810
5846
5929
5819
5977
5969
6591

## Tempos sem warm-up
5925
5862
5812
5809
5903
5867
5881
5797
5838
5873
5865
5857
5838
5787
5870
5845
5878
5799
5838
5878
5811
5766
5826
5810
5846
5929
5819
5977
5969
6591

## Tempos sem outliers
5925
5862
5812
5809
5903
5867
5881
5797
5838
5873
5865
5857
5838
5787
5870
5845
5878
5799
5838
5878
5811
5766
5826
5810
5846
5929
5819
5977
5969

## Estatisticas
Média: 5854,31 us
Desvio padrão: 51,16 us
