# Resultados do Benchmark
# Tempos em microsegundos (us)

## Tempos brutos totais (incluindo warm-up)
48536
10928
13345
13527
11424
9885
9890
9819
9765
9768
9784
9769
9728
9764
9749
9758
9782
9872
9819
9853
9847
9837
9798
9802
9711
9729
9754
9779
9825
9823
9777
9847

## Tempos sem warm-up
13345
13527
11424
9885
9890
9819
9765
9768
9784
9769
9728
9764
9749
9758
9782
9872
9819
9853
9847
9837
9798
9802
9711
9729
9754
9779
9825
9823
9777
9847

## Tempos sem outliers
9885
9890
9819
9765
9768
9784
9769
9728
9764
9749
9758
9782
9872
9819
9853
9847
9837
9798
9802
9711
9729
9754
9779
9825
9823
9777
9847

## Estatisticas
Média: 9797,56 us
Desvio padrão: 48,64 us
