# Resultados do Benchmark
# Tempos em microsegundos (us)

## Tempos brutos totais (incluindo warm-up)
62372
41389
18987
15446
12571
11842
11791
11752
11680
12954
11878
11731
11757
11732
11736
11692
11797
12750
12080
11898
11743
11706
11863
11739
11751
11714
11740
11681
11690
11729
11717
11824

## Tempos sem warm-up
18987
15446
12571
11842
11791
11752
11680
12954
11878
11731
11757
11732
11736
11692
11797
12750
12080
11898
11743
11706
11863
11739
11751
11714
11740
11681
11690
11729
11717
11824

## Tempos sem outliers
11842
11791
11752
11680
11878
11731
11757
11732
11736
11692
11797
12080
11898
11743
11706
11863
11739
11751
11714
11740
11681
11690
11729
11717
11824

## Estatisticas
Média: 11770,52 us
Desvio padrão: 88,94 us
