# Resultados do Benchmark
# Tempos em microsegundos (us)

## Tempos brutos totais (incluindo warm-up)
8987
8882
19044
16978
12446
11189
13104
12223
10641
11024
11109
10451
7660
6535
8132
7290
6387
6474
7988
5905
6052
6161
6259
6151
6153
6116
6435
6524
6647
6508
6124
7420

## Tempos sem warm-up
19044
16978
12446
11189
13104
12223
10641
11024
11109
10451
7660
6535
8132
7290
6387
6474
7988
5905
6052
6161
6259
6151
6153
6116
6435
6524
6647
6508
6124
7420

## Tempos sem outliers
16978
12446
11189
13104
12223
10641
11024
11109
10451
7660
6535
8132
7290
6387
6474
7988
5905
6052
6161
6259
6151
6153
6116
6435
6524
6647
6508
6124
7420

## Estatisticas
Média: 8347,79 us
Desvio padrão: 2853,20 us
