# Resultados do Benchmark
# Tempos em microsegundos (us)

## Tempos brutos totais (incluindo warm-up)
9004
11936
19397
19295
15370
11120
10417
8199
8580
8939
9690
6549
7138
7529
7235
7127
6255
6925
6444
6914
6927
6200
8151
7220
7092
7299
6650
6362
7020
6718
7389
8315

## Tempos sem warm-up
19397
19295
15370
11120
10417
8199
8580
8939
9690
6549
7138
7529
7235
7127
6255
6925
6444
6914
6927
6200
8151
7220
7092
7299
6650
6362
7020
6718
7389
8315

## Tempos sem outliers
11120
10417
8199
8580
8939
9690
6549
7138
7529
7235
7127
6255
6925
6444
6914
6927
6200
8151
7220
7092
7299
6650
6362
7020
6718
7389
8315

## Estatisticas
Média: 7570,52 us
Desvio padrão: 1253,44 us
