# Resultados do Benchmark
# Tempos em microsegundos (us)

## Tempos brutos totais (incluindo warm-up)
15624
35017
29824
21831
20835
15432
11980
15238
13708
15483
13967
15120
16179
20872
16279
28701
20855
19675
13061
10925
9834
8597
8916
8453
9798
9299
9154
9594
8768
8958
8861
8408

## Tempos sem warm-up
29824
21831
20835
15432
11980
15238
13708
15483
13967
15120
16179
20872
16279
28701
20855
19675
13061
10925
9834
8597
8916
8453
9798
9299
9154
9594
8768
8958
8861
8408

## Tempos sem outliers
21831
20835
15432
11980
15238
13708
15483
13967
15120
16179
20872
16279
28701
20855
19675
13061
10925
9834
8597
8916
8453
9798
9299
9154
9594
8768
8958
8861
8408

## Estatisticas
Média: 13751,07 us
Desvio padrão: 5266,34 us
