# Resultados do Benchmark
# Tempos em microsegundos (us)

## Tempos brutos totais (incluindo warm-up)
9278
31663
25418
25692
29182
25891
13603
11492
10493
12587
10639
9782
10988
10253
11354
10398
9052
8000
8448
8637
8290
8813
9067
9471
8395
8767
9511
8710
11012
12335
13526
11240

## Tempos sem warm-up
25418
25692
29182
25891
13603
11492
10493
12587
10639
9782
10988
10253
11354
10398
9052
8000
8448
8637
8290
8813
9067
9471
8395
8767
9511
8710
11012
12335
13526
11240

## Tempos sem outliers
13603
11492
10493
12587
10639
9782
10988
10253
11354
10398
9052
8000
8448
8637
8290
8813
9067
9471
8395
8767
9511
8710
11012
12335
13526
11240

## Estatisticas
Média: 10187,04 us
Desvio padrão: 1622,54 us
