# Resultados do Benchmark
# Tempos em microsegundos (us)

## Tempos brutos totais (incluindo warm-up)
7873
10308
16284
13841
11952
15338
12817
11648
14289
10862
9250
7610
8405
6524
6602
6698
6062
6177
6111
6504
6472
6503
6167
6007
6570
6442
7350
7628
7472
7475
7476
6510

## Tempos sem warm-up
16284
13841
11952
15338
12817
11648
14289
10862
9250
7610
8405
6524
6602
6698
6062
6177
6111
6504
6472
6503
6167
6007
6570
6442
7350
7628
7472
7475
7476
6510

## Tempos sem outliers
16284
13841
11952
15338
12817
11648
14289
10862
9250
7610
8405
6524
6602
6698
6062
6177
6111
6504
6472
6503
6167
6007
6570
6442
7350
7628
7472
7475
7476
6510

## Estatisticas
Média: 8634,87 us
Desvio padrão: 3134,63 us
