# Resultados do Benchmark
# Tempos em microsegundos (us)

## Tempos brutos totais (incluindo warm-up)
5701
7861
15216
8815
13521
11579
13267
12804
10071
11663
9343
9958
8451
5180
5896
5749
5960
5294
6057
6979
5950
5438
7287
5847
5659
6868
8190
6757
6928
6775
6755
7117

## Tempos sem warm-up
15216
8815
13521
11579
13267
12804
10071
11663
9343
9958
8451
5180
5896
5749
5960
5294
6057
6979
5950
5438
7287
5847
5659
6868
8190
6757
6928
6775
6755
7117

## Tempos sem outliers
15216
8815
13521
11579
13267
12804
10071
11663
9343
9958
8451
5180
5896
5749
5960
5294
6057
6979
5950
5438
7287
5847
5659
6868
8190
6757
6928
6775
6755
7117

## Estatisticas
Média: 8179,13 us
Desvio padrão: 2830,93 us
