# Resultados do Benchmark
# Tempos em microsegundos (us)

## Tempos brutos totais (incluindo warm-up)
8014
7976
14397
12009
10262
15664
11497
9648
10591
8052
6246
7770
7050
7696
5907
6276
6460
7041
5806
7525
7076
6592
7650
7713
7847
7027
5987
5755
6488
5851
6266
5720

## Tempos sem warm-up
14397
12009
10262
15664
11497
9648
10591
8052
6246
7770
7050
7696
5907
6276
6460
7041
5806
7525
7076
6592
7650
7713
7847
7027
5987
5755
6488
5851
6266
5720

## Tempos sem outliers
10262
11497
9648
10591
8052
6246
7770
7050
7696
5907
6276
6460
7041
5806
7525
7076
6592
7650
7713
7847
7027
5987
5755
6488
5851
6266
5720

## Estatisticas
Média: 7325,89 us
Desvio padrão: 1550,79 us
