# Resultados do Benchmark
# Tempos em microsegundos (us)

## Tempos brutos totais (incluindo warm-up)
10401
13306
17073
9847
10030
8863
8792
9740
5807
8049
6467
7317
7444
8805
6707
7996
7269
8530
7275
28723
7344
5694
5234
6813
5371
5508
7328
7111
5005
5819
6130
5736

## Tempos sem warm-up
17073
9847
10030
8863
8792
9740
5807
8049
6467
7317
7444
8805
6707
7996
7269
8530
7275
28723
7344
5694
5234
6813
5371
5508
7328
7111
5005
5819
6130
5736

## Tempos sem outliers
9847
10030
8863
8792
9740
5807
8049
6467
7317
7444
8805
6707
7996
7269
8530
7275
7344
5694
5234
6813
5371
5508
7328
7111
5005
5819
6130
5736

## Estatisticas
Média: 7215,39 us
Desvio padrão: 1463,30 us
