# Resultados do Benchmark
# Tempos em microsegundos (us)

## Tempos brutos totais (incluindo warm-up)
79284
30394
17839
23500
22881
9035
7315
7432
7245
7234
7501
7277
7067
6781
9178
6955
6988
7267
7282
102779
7466
7332
7405
7576
7354
7150
7339
7293
7258
7118
8520
6946

## Tempos sem warm-up
17839
23500
22881
9035
7315
7432
7245
7234
7501
7277
7067
6781
9178
6955
6988
7267
7282
102779
7466
7332
7405
7576
7354
7150
7339
7293
7258
7118
8520
6946

## Tempos sem outliers
7315
7432
7245
7234
7501
7277
7067
6781
6955
6988
7267
7282
7466
7332
7405
7576
7354
7150
7339
7293
7258
7118
8520
6946

## Estatisticas
Média: 7295,88 us
Desvio padrão: 322,92 us
