# Resultados do Benchmark
# Tempos em microsegundos (us)

## Tempos brutos totais (incluindo warm-up)
4708
5278
7649
14469
9804
10150
11847
12123
8068
9454
12523
10191
5480
10828
8757
20949
6078
4890
6230
6566
6188
4905
4495
4798
4535
4728
4922
4571
5014
4655
4553
5034

## Tempos sem warm-up
7649
14469
9804
10150
11847
12123
8068
9454
12523
10191
5480
10828
8757
20949
6078
4890
6230
6566
6188
4905
4495
4798
4535
4728
4922
4571
5014
4655
4553
5034

## Tempos sem outliers
7649
14469
9804
10150
11847
12123
8068
9454
12523
10191
5480
10828
8757
6078
4890
6230
6566
6188
4905
4495
4798
4535
4728
4922
4571
5014
4655
4553
5034

## Estatisticas
Média: 7362,24 us
Desvio padrão: 2993,05 us
