# Resultados do Benchmark
# Tempos em microsegundos (us)

## Tempos brutos totais (incluindo warm-up)
66241
15522
30455
16899
13878
14871
12076
14018
11168
10945
10766
11353
10812
11170
11260
11076
11546
10969
11717
10540
10779
10496
10769
10539
11809
12504
12874
10500
10278
10858
11297
13680

## Tempos sem warm-up
30455
16899
13878
14871
12076
14018
11168
10945
10766
11353
10812
11170
11260
11076
11546
10969
11717
10540
10779
10496
10769
10539
11809
12504
12874
10500
10278
10858
11297
13680

## Tempos sem outliers
13878
14871
12076
14018
11168
10945
10766
11353
10812
11170
11260
11076
11546
10969
11717
10540
10779
10496
10769
10539
11809
12504
12874
10500
10278
10858
11297
13680

## Estatisticas
Média: 11591,00 us
Desvio padrão: 1219,99 us
