# Resultados do Benchmark
# Tempos em microsegundos (us)

## Tempos brutos totais (incluindo warm-up)
72574
40754
15947
12417
12325
12726
13347
12198
12707
12204
12883
13251
12275
12824
12382
12577
12914
12249
12761
12208
12608
12684
12212
12832
12260
12799
12739
12089
12647
12167
12724
12318

## Tempos sem warm-up
15947
12417
12325
12726
13347
12198
12707
12204
12883
13251
12275
12824
12382
12577
12914
12249
12761
12208
12608
12684
12212
12832
12260
12799
12739
12089
12647
12167
12724
12318

## Tempos sem outliers
12417
12325
12726
13347
12198
12707
12204
12883
13251
12275
12824
12382
12577
12914
12249
12761
12208
12608
12684
12212
12832
12260
12799
12739
12089
12647
12167
12724
12318

## Estatisticas
Média: 12563,00 us
Desvio padrão: 328,09 us
