# Resultados do Benchmark
# Tempos em microsegundos (us)

## Tempos brutos totais (incluindo warm-up)
3123
2512
2535
2864
2376
2779
2784
2429
2532
2888
3589
4131
3262
2702
2721
2573
2977
2567
2528
2371
2440
2451
2426
2493
2422
2358
2465
2508
2442
2503
2474
2570

## Tempos sem warm-up
2535
2864
2376
2779
2784
2429
2532
2888
3589
4131
3262
2702
2721
2573
2977
2567
2528
2371
2440
2451
2426
2493
2422
2358
2465
2508
2442
2503
2474
2570

## Tempos sem outliers
2535
2864
2376
2779
2784
2429
2532
2888
3262
2702
2721
2573
2977
2567
2528
2371
2440
2451
2426
2493
2422
2358
2465
2508
2442
2503
2474
2570

## Estatisticas
Média: 2587,14 us
Desvio padrão: 212,97 us
