# Resultados do Benchmark
# Tempos em microsegundos (us)

## Tempos brutos totais (incluindo warm-up)
5295
5159
5059
5056
5152
5365
5149
5139
5236
4977
5377
41225
7400
7172
6237
6827
6714
6820
6296
6228
5358
5019
3917
4173
3803
3712
3736
3722
4835
4537
4905
4875

## Tempos sem warm-up
5059
5056
5152
5365
5149
5139
5236
4977
5377
41225
7400
7172
6237
6827
6714
6820
6296
6228
5358
5019
3917
4173
3803
3712
3736
3722
4835
4537
4905
4875

## Tempos sem outliers
5059
5056
5152
5365
5149
5139
5236
4977
5377
7400
7172
6237
6827
6714
6820
6296
6228
5358
5019
3917
4173
3803
3712
3736
3722
4835
4537
4905
4875

## Estatisticas
Média: 5268,83 us
Desvio padrão: 1063,43 us
