# Resultados do Benchmark
# Tempos em microsegundos (us)

## Tempos brutos totais (incluindo warm-up)
3836
3566
3287
4601
3083
3219
2959
3019
3040
7075
3014
2920
3053
3097
2988
3043
2907
2952
2981
3111
3148
2878
2981
3091
3252
3201
3282
2865
3085
2931
2892
2980

## Tempos sem warm-up
3287
4601
3083
3219
2959
3019
3040
7075
3014
2920
3053
3097
2988
3043
2907
2952
2981
3111
3148
2878
2981
3091
3252
3201
3282
2865
3085
2931
2892
2980

## Tempos sem outliers
3287
3083
3219
2959
3019
3040
3014
2920
3053
3097
2988
3043
2907
2952
2981
3111
3148
2878
2981
3091
3252
3201
3282
2865
3085
2931
2892
2980

## Estatisticas
Média: 3044,96 us
Desvio padrão: 121,69 us
