# Resultados do Benchmark
# Tempos em microsegundos (us)

## Tempos brutos totais (incluindo warm-up)
4388
3285
3367
3137
4867
5126
4342
4409
4360
4273
4071
4354
4290
4214
4523
4027
4398
4514
4002
4177
4061
3468
3232
3333
3066
2944
2880
2661
3076
2992
3212
3343

## Tempos sem warm-up
3367
3137
4867
5126
4342
4409
4360
4273
4071
4354
4290
4214
4523
4027
4398
4514
4002
4177
4061
3468
3232
3333
3066
2944
2880
2661
3076
2992
3212
3343

## Tempos sem outliers
3367
3137
4867
5126
4342
4409
4360
4273
4071
4354
4290
4214
4523
4027
4398
4514
4002
4177
4061
3468
3232
3333
3066
2944
2880
2661
3076
2992
3212
3343

## Estatisticas
Média: 3823,97 us
Desvio padrão: 669,30 us
