# Resultados do Benchmark
# Tempos em microsegundos (us)

## Tempos brutos totais (incluindo warm-up)
4181
3884
3801
4023
3926
4234
4039
4286
4065
3868
3977
4099
4073
4050
4017
3906
3911
4365
4003
3732
3848
4220
4055
4056
4123
3823
4125
4070
3857
3975
4294
4292

## Tempos sem warm-up
3801
4023
3926
4234
4039
4286
4065
3868
3977
4099
4073
4050
4017
3906
3911
4365
4003
3732
3848
4220
4055
4056
4123
3823
4125
4070
3857
3975
4294
4292

## Tempos sem outliers
3801
4023
3926
4234
4039
4286
4065
3868
3977
4099
4073
4050
4017
3906
3911
4365
4003
3732
3848
4220
4055
4056
4123
3823
4125
4070
3857
3975
4294
4292

## Estatisticas
Média: 4037,10 us
Desvio padrão: 159,93 us
