# Resultados do Benchmark
# Tempos em microsegundos (us)

## Tempos brutos totais (incluindo warm-up)
3787
3052
2913
2793
2750
3087
2731
2926
2602
2599
2701
2736
2734
2610
2583
2676
2577
2631
2631
2599
2664
2912
2773
2686
2658
2640
2595
2600
2650
2634
2648
2629

## Tempos sem warm-up
2913
2793
2750
3087
2731
2926
2602
2599
2701
2736
2734
2610
2583
2676
2577
2631
2631
2599
2664
2912
2773
2686
2658
2640
2595
2600
2650
2634
2648
2629

## Tempos sem outliers
2913
2793
2750
2731
2926
2602
2599
2701
2736
2734
2610
2583
2676
2577
2631
2631
2599
2664
2912
2773
2686
2658
2640
2595
2600
2650
2634
2648
2629

## Estatisticas
Média: 2685,55 us
Desvio padrão: 99,05 us
