# Resultados do Benchmark
# Tempos em microsegundos (us)

## Tempos brutos totais (incluindo warm-up)
6511
6320
6543
6396
5673
4945
5011
3843
5130
4228
3485
5388
6598
6392
6320
6157
6606
6008
6230
6354
6141
6296
5771
5348
4798
4781
4151
3662
3592
3819
4187
4905

## Tempos sem warm-up
6543
6396
5673
4945
5011
3843
5130
4228
3485
5388
6598
6392
6320
6157
6606
6008
6230
6354
6141
6296
5771
5348
4798
4781
4151
3662
3592
3819
4187
4905

## Tempos sem outliers
6543
6396
5673
4945
5011
3843
5130
4228
3485
5388
6598
6392
6320
6157
6606
6008
6230
6354
6141
6296
5771
5348
4798
4781
4151
3662
3592
3819
4187
4905

## Estatisticas
Média: 5291,93 us
Desvio padrão: 1041,95 us
