# Resultados do Benchmark
# Tempos em microsegundos (us)

## Tempos brutos totais (incluindo warm-up)
28063
29856
5776
5625
5830
5114
4610
4885
4885
4862
4760
4503
4716
4543
4412
4305
4381
4305
4238
4471
4465
4320
4279
4456
4148
4369
4169
4444
4123
4099
4126
4238

## Tempos sem warm-up
5776
5625
5830
5114
4610
4885
4885
4862
4760
4503
4716
4543
4412
4305
4381
4305
4238
4471
4465
4320
4279
4456
4148
4369
4169
4444
4123
4099
4126
4238

## Tempos sem outliers
5114
4610
4885
4885
4862
4760
4503
4716
4543
4412
4305
4381
4305
4238
4471
4465
4320
4279
4456
4148
4369
4169
4444
4123
4099
4126
4238

## Estatisticas
Média: 4452,81 us
Desvio padrão: 269,59 us
