# Resultados do Benchmark
# Tempos em microsegundos (us)

## Tempos brutos totais (incluindo warm-up)
3026
3021
2682
2797
2915
2839
2937
2726
2935
2711
2697
2675
2825
2569
2687
3502
2555
2616
2783
2504
2586
2660
2736
2746
2657
2672
2574
2416
2474
2808
3099
3110

## Tempos sem warm-up
2682
2797
2915
2839
2937
2726
2935
2711
2697
2675
2825
2569
2687
3502
2555
2616
2783
2504
2586
2660
2736
2746
2657
2672
2574
2416
2474
2808
3099
3110

## Tempos sem outliers
2682
2797
2915
2839
2937
2726
2935
2711
2697
2675
2825
2569
2687
2555
2616
2783
2504
2586
2660
2736
2746
2657
2672
2574
2416
2474
2808
3099
3110

## Estatisticas
Média: 2723,83 us
Desvio padrão: 167,46 us
