# Resultados do Benchmark
# Tempos em microsegundos (us)

## Tempos brutos totais (incluindo warm-up)
3912
3228
3596
4127
3648
3528
3291
3314
3507
3373
3488
3338
3525
3554
3223
3491
3272
4169
2921
2783
2932
2816
3254
4311
4739
4704
4528
4070
4034
4385
4204
4479

## Tempos sem warm-up
3596
4127
3648
3528
3291
3314
3507
3373
3488
3338
3525
3554
3223
3491
3272
4169
2921
2783
2932
2816
3254
4311
4739
4704
4528
4070
4034
4385
4204
4479

## Tempos sem outliers
3596
4127
3648
3528
3291
3314
3507
3373
3488
3338
3525
3554
3223
3491
3272
4169
2921
2783
2932
2816
3254
4311
4739
4704
4528
4070
4034
4385
4204
4479

## Estatisticas
Média: 3686,80 us
Desvio padrão: 567,08 us
