# Resultados do Benchmark
# Tempos em microsegundos (us)

## Tempos brutos totais (incluindo warm-up)
30494
9544
10132
10006
9397
7278
7395
7160
7748
7592
7633
7569
8079
7743
7771
7590
7569
8031
7745
7655
7734
6960
8241
8128
8154
7663
7700
7825
8197
7691
7745
7710

## Tempos sem warm-up
10132
10006
9397
7278
7395
7160
7748
7592
7633
7569
8079
7743
7771
7590
7569
8031
7745
7655
7734
6960
8241
8128
8154
7663
7700
7825
8197
7691
7745
7710

## Tempos sem outliers
7278
7395
7160
7748
7592
7633
7569
8079
7743
7771
7590
7569
8031
7745
7655
7734
6960
8241
8128
8154
7663
7700
7825
8197
7691
7745
7710

## Estatisticas
Média: 7715,04 us
Desvio padrão: 302,72 us
