# Resultados do Benchmark
# Tempos em microsegundos (us)

## Tempos brutos totais (incluindo warm-up)
22535
6910
6846
6658
6772
6705
6687
6632
6660
6681
7218
6840
6773
6754
7285
6660
6871
6694
6575
7565
6273
6305
6768
7185
6864
6994
6557
6226
6564
6990
7168
6810

## Tempos sem warm-up
6846
6658
6772
6705
6687
6632
6660
6681
7218
6840
6773
6754
7285
6660
6871
6694
6575
7565
6273
6305
6768
7185
6864
6994
6557
6226
6564
6990
7168
6810

## Tempos sem outliers
6846
6658
6772
6705
6687
6632
6660
6681
7218
6840
6773
6754
6660
6871
6694
6575
6305
6768
7185
6864
6994
6557
6564
6990
7168
6810

## Estatisticas
Média: 6778,12 us
Desvio padrão: 208,08 us
