# Resultados do Benchmark
# Tempos em microsegundos (us)

## Tempos brutos totais (incluindo warm-up)
18598
15371
14051
16493
13809
12478
15586
14145
16952
14422
13105
13544
13387
22135
20388
16672
14735
15656
16498
13022
13377
12260
15725
15996
16362
16386
12432
13310
12721
13453
13596
13300

## Tempos sem warm-up
14051
16493
13809
12478
15586
14145
16952
14422
13105
13544
13387
22135
20388
16672
14735
15656
16498
13022
13377
12260
15725
15996
16362
16386
12432
13310
12721
13453
13596
13300

## Tempos sem outliers
14051
16493
13809
12478
15586
14145
16952
14422
13105
13544
13387
20388
16672
14735
15656
16498
13022
13377
12260
15725
15996
16362
16386
12432
13310
12721
13453
13596
13300

## Estatisticas
Média: 14615,90 us
Desvio padrão: 1851,44 us
