# Resultados do Benchmark
# Tempos em microsegundos (us)

## Tempos brutos totais (incluindo warm-up)
18152
18050
18423
17769
22716
28289
24817
26479
30272
42931
30995
35314
24292
25464
21339
21801
22214
20740
25872
26407
24879
29246
19703
19746
23150
25780
22479
23331
22428
17908
17604
20827

## Tempos sem warm-up
18423
17769
22716
28289
24817
26479
30272
42931
30995
35314
24292
25464
21339
21801
22214
20740
25872
26407
24879
29246
19703
19746
23150
25780
22479
23331
22428
17908
17604
20827

## Tempos sem outliers
18423
17769
22716
28289
24817
26479
30272
30995
24292
25464
21339
21801
22214
20740
25872
26407
24879
29246
19703
19746
23150
25780
22479
23331
22428
17908
17604
20827

## Estatisticas
Média: 23391,79 us
Desvio padrão: 3721,92 us
