# Resultados do Benchmark
# Tempos em microsegundos (us)

## Tempos brutos totais (incluindo warm-up)
17526
16236
12959
11150
11007
11315
10979
11432
13497
13017
13021
12027
13058
11496
12853
12360
22885
19378
13520
63113
13610
12031
11172
16721
15533
16884
22060
17684
17411
16262
18118
18925

## Tempos sem warm-up
12959
11150
11007
11315
10979
11432
13497
13017
13021
12027
13058
11496
12853
12360
22885
19378
13520
63113
13610
12031
11172
16721
15533
16884
22060
17684
17411
16262
18118
18925

## Tempos sem outliers
12959
11150
11007
11315
10979
11432
13497
13017
13021
12027
13058
11496
12853
12360
22885
19378
13520
13610
12031
11172
16721
15533
16884
22060
17684
17411
16262
18118
18925

## Estatisticas
Média: 14564,31 us
Desvio padrão: 3400,57 us
