# Resultados do Benchmark
# Tempos em microsegundos (us)

## Tempos brutos totais (incluindo warm-up)
16491
15922
16164
22401
24581
21861
18642
22371
25292
18350
29688
19509
17629
15079
13997
14442
13977
14925
15282
14873
13099
16961
15303
14286
13594
13154
15688
16290
14246
15283
13850
16125

## Tempos sem warm-up
16164
22401
24581
21861
18642
22371
25292
18350
29688
19509
17629
15079
13997
14442
13977
14925
15282
14873
13099
16961
15303
14286
13594
13154
15688
16290
14246
15283
13850
16125

## Tempos sem outliers
16164
22401
24581
21861
18642
22371
25292
18350
19509
17629
15079
13997
14442
13977
14925
15282
14873
13099
16961
15303
14286
13594
13154
15688
16290
14246
15283
13850
16125

## Estatisticas
Média: 16801,86 us
Desvio padrão: 3454,40 us
