# Resultados do Benchmark
# Tempos em microsegundos (us)

## Tempos brutos totais (incluindo warm-up)
19695
20334
17786
18065
18938
17835
20019
18743
18693
20476
21525
29542
28062
24734
20748
19886
18807
20080
23957
17317
18574
18520
20354
18786
18636
24694
24531
25666
22605
27611
24702
23536

## Tempos sem warm-up
17786
18065
18938
17835
20019
18743
18693
20476
21525
29542
28062
24734
20748
19886
18807
20080
23957
17317
18574
18520
20354
18786
18636
24694
24531
25666
22605
27611
24702
23536

## Tempos sem outliers
17786
18065
18938
17835
20019
18743
18693
20476
21525
29542
28062
24734
20748
19886
18807
20080
23957
17317
18574
18520
20354
18786
18636
24694
24531
25666
22605
27611
24702
23536

## Estatisticas
Média: 21447,60 us
Desvio padrão: 3436,25 us
