# Resultados do Benchmark
# Tempos em microsegundos (us)

## Tempos brutos totais (incluindo warm-up)
25218
18305
18290
18186
18796
18677
19619
18254
14811
14472
15221
20705
19612
18198
18123
18484
18208
17849
18753
18932
18675
18718
18731
18754
18824
20504
18295
18342
18163
18430
19130
18399

## Tempos sem warm-up
18290
18186
18796
18677
19619
18254
14811
14472
15221
20705
19612
18198
18123
18484
18208
17849
18753
18932
18675
18718
18731
18754
18824
20504
18295
18342
18163
18430
19130
18399

## Tempos sem outliers
18290
18186
18796
18677
19619
18254
19612
18198
18123
18484
18208
17849
18753
18932
18675
18718
18731
18754
18824
18295
18342
18163
18430
19130
18399

## Estatisticas
Média: 18577,68 us
Desvio padrão: 435,26 us
