# Resultados do Benchmark
# Tempos em microsegundos (us)

## Tempos brutos totais (incluindo warm-up)
16610
14783
10938
12755
19807
16004
15606
12703
10952
11170
10718
10836
10660
10619
11861
13061
16129
12508
12483
10779
10636
10502
10719
11960
16460
15903
15741
16006
17770
15544
10547
10650

## Tempos sem warm-up
10938
12755
19807
16004
15606
12703
10952
11170
10718
10836
10660
10619
11861
13061
16129
12508
12483
10779
10636
10502
10719
11960
16460
15903
15741
16006
17770
15544
10547
10650

## Tempos sem outliers
10938
12755
19807
16004
15606
12703
10952
11170
10718
10836
10660
10619
11861
13061
16129
12508
12483
10779
10636
10502
10719
11960
16460
15903
15741
16006
17770
15544
10547
10650

## Estatisticas
Média: 13067,57 us
Desvio padrão: 2673,96 us
