# Resultados do Benchmark
# Tempos em microsegundos (us)

## Tempos brutos totais (incluindo warm-up)
181156
54848
54055
42791
21888
20447
20757
21354
23589
21674
38458
30612
20915
18424
18902
20143
18899
19305
19123
326426
18823
18645
22924
27033
15967
14975
15013
14813
14939
14942
15039
15393

## Tempos sem warm-up
54055
42791
21888
20447
20757
21354
23589
21674
38458
30612
20915
18424
18902
20143
18899
19305
19123
326426
18823
18645
22924
27033
15967
14975
15013
14813
14939
14942
15039
15393

## Tempos sem outliers
21888
20447
20757
21354
23589
21674
30612
20915
18424
18902
20143
18899
19305
19123
18823
18645
22924
27033
15967
14975
15013
14813
14939
14942
15039
15393

## Estatisticas
Média: 19405,31 us
Desvio padrão: 3918,38 us
