# Resultados do Benchmark
# Tempos em microsegundos (us)

## Tempos brutos totais (incluindo warm-up)
15233
12820
12631
96401
11718
13117
15111
12527
12695
21621
16302
16737
15462
12989
12766
12727
13005
14908
13631
12462
12540
13221
13544
12827
12413
12827
12502
12829
14184
12746
12541
12747

## Tempos sem warm-up
12631
96401
11718
13117
15111
12527
12695
21621
16302
16737
15462
12989
12766
12727
13005
14908
13631
12462
12540
13221
13544
12827
12413
12827
12502
12829
14184
12746
12541
12747

## Tempos sem outliers
12631
11718
13117
15111
12527
12695
16302
16737
15462
12989
12766
12727
13005
14908
13631
12462
12540
13221
13544
12827
12413
12827
12502
12829
14184
12746
12541
12747

## Estatisticas
Média: 13346,75 us
Desvio padrão: 1240,76 us
