# Resultados do Benchmark
# Tempos em microsegundos (us)

## Tempos brutos totais (incluindo warm-up)
16241
42677
16056
16206
16486
16321
16650
17846
17454
17246
27934
22767
19754
17349
15257
19601
17001
18135
16896
21655
24919
15766
27137
22139
16136
17897
18021
17635
15989
14105
12582
12854

## Tempos sem warm-up
16056
16206
16486
16321
16650
17846
17454
17246
27934
22767
19754
17349
15257
19601
17001
18135
16896
21655
24919
15766
27137
22139
16136
17897
18021
17635
15989
14105
12582
12854

## Tempos sem outliers
16056
16206
16486
16321
16650
17846
17454
17246
22767
19754
17349
15257
19601
17001
18135
16896
21655
24919
15766
22139
16136
17897
18021
17635
15989
14105
12582
12854

## Estatisticas
Média: 17525,82 us
Desvio padrão: 2782,86 us
