# Resultados do Benchmark
# Tempos em microsegundos (us)

## Tempos brutos totais (incluindo warm-up)
132959
61916
44723
27018
26265
26398
27938
26450
26216
25552
26287
25384
23674
23206
23118
23276
26323
26239
25980
25889
27023
25892
25954
26862
29243
32612
32986
30595
25701
26398
26450
26594

## Tempos sem warm-up
44723
27018
26265
26398
27938
26450
26216
25552
26287
25384
23674
23206
23118
23276
26323
26239
25980
25889
27023
25892
25954
26862
29243
32612
32986
30595
25701
26398
26450
26594

## Tempos sem outliers
27018
26265
26398
27938
26450
26216
25552
26287
25384
26323
26239
25980
25889
27023
25892
25954
26862
25701
26398
26450
26594

## Estatisticas
Média: 26324,43 us
Desvio padrão: 570,21 us
