# Resultados do Benchmark
# Tempos em microsegundos (us)

## Tempos brutos totais (incluindo warm-up)
166554
30049
36734
39678
28684
27026
26679
27038
27045
30568
34993
34904
34537
35529
26871
27427
25616
23707
23675
23604
24177
24878
24052
26129
25699
27168
24338
27664
26868
23947
23762
23886

## Tempos sem warm-up
36734
39678
28684
27026
26679
27038
27045
30568
34993
34904
34537
35529
26871
27427
25616
23707
23675
23604
24177
24878
24052
26129
25699
27168
24338
27664
26868
23947
23762
23886

## Tempos sem outliers
28684
27026
26679
27038
27045
30568
34993
34904
34537
35529
26871
27427
25616
23707
23675
23604
24177
24878
24052
26129
25699
27168
24338
27664
26868
23947
23762
23886

## Estatisticas
Média: 27159,68 us
Desvio padrão: 3687,35 us
