# Resultados do Benchmark
# Tempos em microsegundos (us)

## Tempos brutos totais (incluindo warm-up)
9003
6895
10436
6940
7892
8679
7171
6657
6554
6950
7513
6934
7963
6289
7440
6789
8547
9432
8856
7109
6543
7025
7736
8701
6886
6666
7235
7047
6210
6789
24009
6759

## Tempos sem warm-up
10436
6940
7892
8679
7171
6657
6554
6950
7513
6934
7963
6289
7440
6789
8547
9432
8856
7109
6543
7025
7736
8701
6886
6666
7235
7047
6210
6789
24009
6759

## Tempos sem outliers
6940
7892
8679
7171
6657
6554
6950
7513
6934
7963
6289
7440
6789
8547
9432
8856
7109
6543
7025
7736
8701
6886
6666
7235
7047
6210
6789
6759

## Estatisticas
Média: 7332,57 us
Desvio padrão: 841,65 us
