# Resultados do Benchmark
# Tempos em microsegundos (us)

## Tempos brutos totais (incluindo warm-up)
9447
9057
6416
5768
5677
16627
6736
6239
6222
7145
6858
7009
7949
8565
6196
7297
6500
6365
5664
6654
7243
5777
7034
6462
5378
7256
7910
6943
5554
6814
9272
8675

## Tempos sem warm-up
6416
5768
5677
16627
6736
6239
6222
7145
6858
7009
7949
8565
6196
7297
6500
6365
5664
6654
7243
5777
7034
6462
5378
7256
7910
6943
5554
6814
9272
8675

## Tempos sem outliers
6416
5768
5677
6736
6239
6222
7145
6858
7009
7949
8565
6196
7297
6500
6365
5664
6654
7243
5777
7034
6462
5378
7256
7910
6943
5554
6814
8675

## Estatisticas
Média: 6725,21 us
Desvio padrão: 854,98 us
