# Resultados do Benchmark
# Tempos em microsegundos (us)

## Tempos brutos totais (incluindo warm-up)
6995
6313
5965
5439
5167
5886
5542
5603
5044
5781
6323
5952
5205
5616
6087
4986
5473
5984
5651
5683
5934
5155
5508
5566
5683
7347
6543
6659
6169
52126
3980
5362

## Tempos sem warm-up
5965
5439
5167
5886
5542
5603
5044
5781
6323
5952
5205
5616
6087
4986
5473
5984
5651
5683
5934
5155
5508
5566
5683
7347
6543
6659
6169
52126
3980
5362

## Tempos sem outliers
5965
5439
5167
5886
5542
5603
5044
5781
6323
5952
5205
5616
6087
4986
5473
5984
5651
5683
5934
5155
5508
5566
5683
6543
6659
6169
5362

## Estatisticas
Média: 5702,44 us
Desvio padrão: 429,57 us
