# Resultados do Benchmark
# Tempos em microsegundos (us)

## Tempos brutos totais (incluindo warm-up)
7011
5598
5647
6071
6392
5584
5416
8629
7108
7250
6902
5427
5209
5757
5700
5194
5933
5962
5587
5448
6472
5477
5706
5599
5185
6118
5375
6047
6009
5958
5358
5380

## Tempos sem warm-up
5647
6071
6392
5584
5416
8629
7108
7250
6902
5427
5209
5757
5700
5194
5933
5962
5587
5448
6472
5477
5706
5599
5185
6118
5375
6047
6009
5958
5358
5380

## Tempos sem outliers
5647
6071
6392
5584
5416
6902
5427
5209
5757
5700
5194
5933
5962
5587
5448
6472
5477
5706
5599
5185
6118
5375
6047
6009
5958
5358
5380

## Estatisticas
Média: 5737,52 us
Desvio padrão: 420,52 us
