# Resultados do Benchmark
# Tempos em microsegundos (us)

## Tempos brutos totais (incluindo warm-up)
38585
34816
8536
8119
8221
7919
7811
6927
7309
6861
7422
7445
7443
6976
6585
7245
7298
6656
6856
6951
6770
6954
6773
7320
6538
7455
6880
6984
6272
7534
6600
6346

## Tempos sem warm-up
8536
8119
8221
7919
7811
6927
7309
6861
7422
7445
7443
6976
6585
7245
7298
6656
6856
6951
6770
6954
6773
7320
6538
7455
6880
6984
6272
7534
6600
6346

## Tempos sem outliers
8119
8221
7919
7811
6927
7309
6861
7422
7445
7443
6976
6585
7245
7298
6656
6856
6951
6770
6954
6773
7320
6538
7455
6880
6984
6272
7534
6600
6346

## Estatisticas
Média: 7119,66 us
Desvio padrão: 501,16 us
