# Resultados do Benchmark
# Tempos em microsegundos (us)

## Tempos brutos totais (incluindo warm-up)
8277
6338
7644
6378
6463
6848
6932
8550
7023
6429
5021
6559
7224
4603
5377
7598
5344
6642
4522
4864
4664
4962
5841
6433
6312
4543
4852
4618
4893
4486
4576
5155

## Tempos sem warm-up
7644
6378
6463
6848
6932
8550
7023
6429
5021
6559
7224
4603
5377
7598
5344
6642
4522
4864
4664
4962
5841
6433
6312
4543
4852
4618
4893
4486
4576
5155

## Tempos sem outliers
7644
6378
6463
6848
6932
8550
7023
6429
5021
6559
7224
4603
5377
7598
5344
6642
4522
4864
4664
4962
5841
6433
6312
4543
4852
4618
4893
4486
4576
5155

## Estatisticas
Média: 5845,20 us
Desvio padrão: 1151,08 us
