# Resultados do Benchmark
# Tempos em microsegundos (us)

## Tempos brutos totais (incluindo warm-up)
8495
7449
7576
6738
7662
6664
6205
6356
6032
5851
7265
5912
7221
6456
6028
6443
6291
6212
6391
6393
5955
6455
6248
6746
6924
5964
6418
6155
5971
7142
8309
6155

## Tempos sem warm-up
7576
6738
7662
6664
6205
6356
6032
5851
7265
5912
7221
6456
6028
6443
6291
6212
6391
6393
5955
6455
6248
6746
6924
5964
6418
6155
5971
7142
8309
6155

## Tempos sem outliers
7576
6738
7662
6664
6205
6356
6032
5851
7265
5912
7221
6456
6028
6443
6291
6212
6391
6393
5955
6455
6248
6746
6924
5964
6418
6155
5971
7142
6155

## Estatisticas
Média: 6476,86 us
Desvio padrão: 499,27 us
