# Resultados do Benchmark
# Tempos em microsegundos (us)

## Tempos brutos totais (incluindo warm-up)
5840
5674
3999
4502
4069
4857
4935
4457
4293
4513
4087
3992
5521
5469
4186
4233
4695
5201
4880
5270
4730
4077
5645
4091
4830
5238
4873
4022
10914
5976
5222
4887

## Tempos sem warm-up
3999
4502
4069
4857
4935
4457
4293
4513
4087
3992
5521
5469
4186
4233
4695
5201
4880
5270
4730
4077
5645
4091
4830
5238
4873
4022
10914
5976
5222
4887

## Tempos sem outliers
3999
4502
4069
4857
4935
4457
4293
4513
4087
3992
5521
5469
4186
4233
4695
5201
4880
5270
4730
4077
5645
4091
4830
5238
4873
4022
5976
5222
4887

## Estatisticas
Média: 4715,52 us
Desvio padrão: 563,12 us
