# Resultados do Benchmark
# Tempos em microsegundos (us)

## Tempos brutos totais (incluindo warm-up)
7694
6136
7928
6907
23403
7837
6862
7875
11607
7228
5717
5733
6128
6671
4934
6591
5625
6409
6335
5566
5997
17855
5920
6668
5739
5636
7017
8795
5727
6480
5802
6317

## Tempos sem warm-up
7928
6907
23403
7837
6862
7875
11607
7228
5717
5733
6128
6671
4934
6591
5625
6409
6335
5566
5997
17855
5920
6668
5739
5636
7017
8795
5727
6480
5802
6317

## Tempos sem outliers
7928
6907
7837
6862
7875
7228
5717
5733
6128
6671
4934
6591
5625
6409
6335
5566
5997
5920
6668
5739
5636
7017
8795
5727
6480
5802
6317

## Estatisticas
Média: 6460,89 us
Desvio padrão: 890,16 us
