# Resultados do Benchmark
# Tempos em microsegundos (us)

## Tempos brutos totais (incluindo warm-up)
16854
6024
5505
4495
5385
4948
5137
4951
5410
5197
5554
4817
5307
5534
7074
9258
5668
5598
5641
9193
16735
12949
10902
6231
4744
4392
5414
5748
5531
5361
5940
5340

## Tempos sem warm-up
5505
4495
5385
4948
5137
4951
5410
5197
5554
4817
5307
5534
7074
9258
5668
5598
5641
9193
16735
12949
10902
6231
4744
4392
5414
5748
5531
5361
5940
5340

## Tempos sem outliers
5505
4495
5385
4948
5137
4951
5410
5197
5554
4817
5307
5534
7074
5668
5598
5641
6231
4744
4392
5414
5748
5531
5361
5940
5340

## Estatisticas
Média: 5396,88 us
Desvio padrão: 550,76 us
