# Resultados do Benchmark
# Tempos em microsegundos (us)

## Tempos brutos totais (incluindo warm-up)
39556
10890
11913
12723
10681
11121
10925
10999
10831
10944
10912
10828
11057
11432
10791
10953
12814
11856
10988
12256
15750
11375
11196
10800
11187
10551
10673
11133
10993
11358
10715
10748

## Tempos sem warm-up
11913
12723
10681
11121
10925
10999
10831
10944
10912
10828
11057
11432
10791
10953
12814
11856
10988
12256
15750
11375
11196
10800
11187
10551
10673
11133
10993
11358
10715
10748

## Tempos sem outliers
11913
10681
11121
10925
10999
10831
10944
10912
10828
11057
11432
10791
10953
11856
10988
11375
11196
10800
11187
10551
10673
11133
10993
11358
10715
10748

## Estatisticas
Média: 11036,92 us
Desvio padrão: 335,32 us
