# Resultados do Benchmark
# Tempos em microsegundos (us)

## Tempos brutos totais (incluindo warm-up)
53779
19656
14106
12681
12354
11907
12690
12323
12605
12454
13794
12772
15806
13225
13113
12397
13654
12754
13353
12677
14146
12537
14625
12500
12199
12242
12278
12370
13561
12768
13269
13927

## Tempos sem warm-up
14106
12681
12354
11907
12690
12323
12605
12454
13794
12772
15806
13225
13113
12397
13654
12754
13353
12677
14146
12537
14625
12500
12199
12242
12278
12370
13561
12768
13269
13927

## Tempos sem outliers
14106
12681
12354
11907
12690
12323
12605
12454
13794
12772
13225
13113
12397
13654
12754
13353
12677
14146
12537
14625
12500
12199
12242
12278
12370
13561
12768
13269
13927

## Estatisticas
Média: 12940,72 us
Desvio padrão: 694,96 us
