# Resultados do Benchmark
# Tempos em microsegundos (us)

## Tempos brutos totais (incluindo warm-up)
48315
39612
7568
7742
7614
7266
7078
6687
7046
6924
6715
7551
6939
7182
6751
6946
7247
7038
8404
7532
7013
6899
7157
7522
6810
7240
7813
6897
7348
7294
7159
6801

## Tempos sem warm-up
7568
7742
7614
7266
7078
6687
7046
6924
6715
7551
6939
7182
6751
6946
7247
7038
8404
7532
7013
6899
7157
7522
6810
7240
7813
6897
7348
7294
7159
6801

## Tempos sem outliers
7568
7742
7614
7266
7078
6687
7046
6924
6715
7551
6939
7182
6751
6946
7247
7038
8404
7532
7013
6899
7157
7522
6810
7240
7813
6897
7348
7294
7159
6801

## Estatisticas
Média: 7206,10 us
Desvio padrão: 385,38 us
