# Resultados do Benchmark
# Tempos em microsegundos (us)

## Tempos brutos totais (incluindo warm-up)
4968
4714
4994
7234
5186
5668
5265
4938
4455
5144
4965
4983
5099
4493
6061
6996
7314
7048
6778
9035
6848
5350
4626
3944
4241
4317
4467
4707
4996
5076
4937
4671

## Tempos sem warm-up
4994
7234
5186
5668
5265
4938
4455
5144
4965
4983
5099
4493
6061
6996
7314
7048
6778
9035
6848
5350
4626
3944
4241
4317
4467
4707
4996
5076
4937
4671

## Tempos sem outliers
4994
7234
5186
5668
5265
4938
4455
5144
4965
4983
5099
4493
6061
6996
7314
7048
6778
6848
5350
4626
3944
4241
4317
4467
4707
4996
5076
4937
4671

## Estatisticas
Média: 5337,97 us
Desvio padrão: 981,30 us
