# Resultados do Benchmark
# Tempos em microsegundos (us)

## Tempos brutos totais (incluindo warm-up)
9131
8535
10271
5180
4971
16182
5452
5242
4604
7194
5613
6033
4990
4311
5584
4760
5734
4371
4963
6588
6318
5369
6627
6124
5360
6180
7053
4387
4749
4533
5202
4630

## Tempos sem warm-up
10271
5180
4971
16182
5452
5242
4604
7194
5613
6033
4990
4311
5584
4760
5734
4371
4963
6588
6318
5369
6627
6124
5360
6180
7053
4387
4749
4533
5202
4630

## Tempos sem outliers
5180
4971
5452
5242
4604
7194
5613
6033
4990
4311
5584
4760
5734
4371
4963
6588
6318
5369
6627
6124
5360
6180
7053
4387
4749
4533
5202
4630

## Estatisticas
Média: 5432,93 us
Desvio padrão: 819,84 us
