# Resultados do Benchmark
# Tempos em microsegundos (us)

## Tempos brutos totais (incluindo warm-up)
24980
9620
13087
9228
6688
7647
7697
7035
8508
90757
22207
6636
6493
6621
6345
6473
6601
6184
6222
6507
7190
6565
6271
6054
6262
6327
6356
6750
6249
6512
6354
6224

## Tempos sem warm-up
13087
9228
6688
7647
7697
7035
8508
90757
22207
6636
6493
6621
6345
6473
6601
6184
6222
6507
7190
6565
6271
6054
6262
6327
6356
6750
6249
6512
6354
6224

## Tempos sem outliers
6688
7647
7697
7035
8508
6636
6493
6621
6345
6473
6601
6184
6222
6507
7190
6565
6271
6054
6262
6327
6356
6750
6249
6512
6354
6224

## Estatisticas
Média: 6645,04 us
Desvio padrão: 560,81 us
