# Resultados do Benchmark
# Tempos em microsegundos (us)

## Tempos brutos totais (incluindo warm-up)
5394
4336
6998
5246
4190
5987
6534
4951
6174
4476
4487
4651
4244
4396
4228
4641
4287
4629
4722
4779
4184
4157
4495
4184
4393
4410
4678
27825
4887
4693
6179
4710

## Tempos sem warm-up
6998
5246
4190
5987
6534
4951
6174
4476
4487
4651
4244
4396
4228
4641
4287
4629
4722
4779
4184
4157
4495
4184
4393
4410
4678
27825
4887
4693
6179
4710

## Tempos sem outliers
5246
4190
5987
4951
4476
4487
4651
4244
4396
4228
4641
4287
4629
4722
4779
4184
4157
4495
4184
4393
4410
4678
4887
4693
4710

## Estatisticas
Média: 4588,20 us
Desvio padrão: 400,80 us
