# Resultados do Benchmark
# Tempos em microsegundos (us)

## Tempos brutos totais (incluindo warm-up)
6402
5711
6132
11411
6769
8263
5428
5705
6124
6236
7242
6786
5364
6733
5107
5123
6425
6516
6974
5364
6747
5790
5257
75183
4229
4250
3952
4437
4164
4210
4215
4299

## Tempos sem warm-up
6132
11411
6769
8263
5428
5705
6124
6236
7242
6786
5364
6733
5107
5123
6425
6516
6974
5364
6747
5790
5257
75183
4229
4250
3952
4437
4164
4210
4215
4299

## Tempos sem outliers
6132
6769
8263
5428
5705
6124
6236
7242
6786
5364
6733
5107
5123
6425
6516
6974
5364
6747
5790
5257
4229
4250
3952
4437
4164
4210
4215
4299

## Estatisticas
Média: 5637,18 us
Desvio padrão: 1148,96 us
