# Resultados do Benchmark
# Tempos em microsegundos (us)

## Tempos brutos totais (incluindo warm-up)
9036
11560
23571
8482
7780
7635
6965
6791
6838
7671
6299
7323
8997
6742
8236
6883
8722
7406
8411
7278
8242
6716
5704
8610
6463
6161
5916
6531
5613
6916
5914
6589

## Tempos sem warm-up
23571
8482
7780
7635
6965
6791
6838
7671
6299
7323
8997
6742
8236
6883
8722
7406
8411
7278
8242
6716
5704
8610
6463
6161
5916
6531
5613
6916
5914
6589

## Tempos sem outliers
8482
7780
7635
6965
6791
6838
7671
6299
7323
8997
6742
8236
6883
8722
7406
8411
7278
8242
6716
5704
8610
6463
6161
5916
6531
5613
6916
5914
6589

## Estatisticas
Média: 7166,69 us
Desvio padrão: 961,30 us
