# Resultados do Benchmark
# Tempos em microsegundos (us)

## Tempos brutos totais (incluindo warm-up)
7201
8060
6439
8801
5570
7827
7327
11185
7237
6293
5098
5653
6264
6716
5624
4744
4921
6677
5164
4778
4810
4779
6597
7015
6867
5790
5372
5124
5062
4720
5765
4745

## Tempos sem warm-up
6439
8801
5570
7827
7327
11185
7237
6293
5098
5653
6264
6716
5624
4744
4921
6677
5164
4778
4810
4779
6597
7015
6867
5790
5372
5124
5062
4720
5765
4745

## Tempos sem outliers
6439
8801
5570
7827
7327
7237
6293
5098
5653
6264
6716
5624
4744
4921
6677
5164
4778
4810
4779
6597
7015
6867
5790
5372
5124
5062
4720
5765
4745

## Estatisticas
Média: 5923,41 us
Desvio padrão: 1072,67 us
