# Resultados do Benchmark
# Tempos em microsegundos (us)

## Tempos brutos totais (incluindo warm-up)
8468
9708
8133
7100
6790
5831
5983
8269
6795
7176
5873
5720
6356
5456
5951
5400
6307
5770
5730
5475
5314
7177
5804
5246
6755
5593
6644
7485
7400
7232
8327
6247

## Tempos sem warm-up
8133
7100
6790
5831
5983
8269
6795
7176
5873
5720
6356
5456
5951
5400
6307
5770
5730
5475
5314
7177
5804
5246
6755
5593
6644
7485
7400
7232
8327
6247

## Tempos sem outliers
8133
7100
6790
5831
5983
8269
6795
7176
5873
5720
6356
5456
5951
5400
6307
5770
5730
5475
5314
7177
5804
5246
6755
5593
6644
7485
7400
7232
8327
6247

## Estatisticas
Média: 6444,63 us
Desvio padrão: 905,78 us
