# Resultados do Benchmark
# Tempos em microsegundos (us)

## Tempos brutos totais (incluindo warm-up)
6595
6396
6977
10711
6257
8181
5377
24276
6061
6132
6283
5964
5751
5413
5117
6411
5257
4651
5483
4899
5804
5500
5080
5289
4849
6022
5725
5487
5243
7157
5387
6189

## Tempos sem warm-up
6977
10711
6257
8181
5377
24276
6061
6132
6283
5964
5751
5413
5117
6411
5257
4651
5483
4899
5804
5500
5080
5289
4849
6022
5725
5487
5243
7157
5387
6189

## Tempos sem outliers
6977
6257
5377
6061
6132
6283
5964
5751
5413
5117
6411
5257
4651
5483
4899
5804
5500
5080
5289
4849
6022
5725
5487
5243
7157
5387
6189

## Estatisticas
Média: 5695,00 us
Desvio padrão: 614,99 us
