# Resultados do Benchmark
# Tempos em microsegundos (us)

## Tempos brutos totais (incluindo warm-up)
63573
30572
10937
11239
10842
10001
9833
10291
10181
10165
10392
9948
10318
10259
10078
10019
13115
12677
11625
11301
10086
10617
11618
10020
10070
10261
10105
9959
10731
10941
10110
10310

## Tempos sem warm-up
10937
11239
10842
10001
9833
10291
10181
10165
10392
9948
10318
10259
10078
10019
13115
12677
11625
11301
10086
10617
11618
10020
10070
10261
10105
9959
10731
10941
10110
10310

## Tempos sem outliers
10937
11239
10842
10001
9833
10291
10181
10165
10392
9948
10318
10259
10078
10019
11625
11301
10086
10617
11618
10020
10070
10261
10105
9959
10731
10941
10110
10310

## Estatisticas
Média: 10437,75 us
Desvio padrão: 516,88 us
