# Resultados do Benchmark
# Tempos em microsegundos (us)

## Tempos brutos totais (incluindo warm-up)
58233
17970
13583
14403
13047
11743
12074
11888
12246
11847
12272
12368
11433
15002
13358
12249
11505
11937
11460
14427
12704
11495
11600
11458
11445
16163
17069
15193
15736
13437
14380
12542

## Tempos sem warm-up
13583
14403
13047
11743
12074
11888
12246
11847
12272
12368
11433
15002
13358
12249
11505
11937
11460
14427
12704
11495
11600
11458
11445
16163
17069
15193
15736
13437
14380
12542

## Tempos sem outliers
13583
14403
13047
11743
12074
11888
12246
11847
12272
12368
11433
15002
13358
12249
11505
11937
11460
14427
12704
11495
11600
11458
11445
16163
17069
15193
15736
13437
14380
12542

## Estatisticas
Média: 13002,13 us
Desvio padrão: 1597,52 us
