# Resultados do Benchmark
# Tempos em microsegundos (us)

## Tempos brutos totais (incluindo warm-up)
20707
21903
25945
36988
30615
41802
26140
81901
22179
18194
17142
14911
13510
16265
22914
19907
22470
21430
33437
21157
25139
32631
30005
29467
25892
25140
31387
38394
32002
27768
24013
29208

## Tempos sem warm-up
25945
36988
30615
41802
26140
81901
22179
18194
17142
14911
13510
16265
22914
19907
22470
21430
33437
21157
25139
32631
30005
29467
25892
25140
31387
38394
32002
27768
24013
29208

## Tempos sem outliers
25945
36988
30615
41802
26140
22179
18194
17142
14911
13510
16265
22914
19907
22470
21430
33437
21157
25139
32631
30005
29467
25892
25140
31387
38394
32002
27768
24013
29208

## Estatisticas
Média: 26070,76 us
Desvio padrão: 7039,81 us
