# Resultados do Benchmark
# Tempos em microsegundos (us)

## Tempos brutos totais (incluindo warm-up)
36290
38557
39762
48120
38432
46367
65989
49840
127162
31221
31005
29821
24881
26407
24785
23309
21886
21487
27033
34467
30390
21860
20109
23274
23339
16758
16477
19521
17810
17030
16877
15687

## Tempos sem warm-up
39762
48120
38432
46367
65989
49840
127162
31221
31005
29821
24881
26407
24785
23309
21886
21487
27033
34467
30390
21860
20109
23274
23339
16758
16477
19521
17810
17030
16877
15687

## Tempos sem outliers
39762
48120
38432
46367
49840
31221
31005
29821
24881
26407
24785
23309
21886
21487
27033
34467
30390
21860
20109
23274
23339
16758
16477
19521
17810
17030
16877
15687

## Estatisticas
Média: 27069,82 us
Desvio padrão: 9836,22 us
