# Resultados do Benchmark
# Tempos em microsegundos (us)

## Tempos brutos totais (incluindo warm-up)
270638
182471
81296
59879
76701
55416
47264
25787
32932
30373
23779
22794
21211
23001
22058
20930
20445
20887
23631
27762
25518
30990
38028
37008
27528
33884
42128
22632
39688
45214
31007
26437

## Tempos sem warm-up
81296
59879
76701
55416
47264
25787
32932
30373
23779
22794
21211
23001
22058
20930
20445
20887
23631
27762
25518
30990
38028
37008
27528
33884
42128
22632
39688
45214
31007
26437

## Tempos sem outliers
59879
55416
47264
25787
32932
30373
23779
22794
21211
23001
22058
20930
20445
20887
23631
27762
25518
30990
38028
37008
27528
33884
42128
22632
39688
45214
31007
26437

## Estatisticas
Média: 31364,68 us
Desvio padrão: 10696,94 us
