# Resultados do Benchmark
# Tempos em microsegundos (us)

## Tempos brutos totais (incluindo warm-up)
20856
19423
30921
30670
28415
36206
29557
24506
52857
52365
36160
28902
27066
26587
29878
32737
45891
43630
56236
66799
36188
27032
50828
31876
18944
20645
20496
22161
22111
23511
20988
19979

## Tempos sem warm-up
30921
30670
28415
36206
29557
24506
52857
52365
36160
28902
27066
26587
29878
32737
45891
43630
56236
66799
36188
27032
50828
31876
18944
20645
20496
22161
22111
23511
20988
19979

## Tempos sem outliers
30921
30670
28415
36206
29557
24506
52857
52365
36160
28902
27066
26587
29878
32737
45891
43630
56236
36188
27032
50828
31876
18944
20645
20496
22161
22111
23511
20988
19979

## Estatisticas
Média: 31977,34 us
Desvio padrão: 10868,41 us
