# Resultados do Benchmark
# Tempos em microsegundos (us)

## Tempos brutos totais (incluindo warm-up)
38521
44474
44378
29397
53639
65271
41252
50303
551901
24830
21970
25064
23208
13717
22635
40711
31371
35455
26536
18396
14896
14137
16208
25455
30602
15895
26683
27122
25775
23217
21524
27861

## Tempos sem warm-up
44378
29397
53639
65271
41252
50303
551901
24830
21970
25064
23208
13717
22635
40711
31371
35455
26536
18396
14896
14137
16208
25455
30602
15895
26683
27122
25775
23217
21524
27861

## Tempos sem outliers
44378
29397
53639
41252
50303
24830
21970
25064
23208
13717
22635
40711
31371
35455
26536
18396
14896
14137
16208
25455
30602
15895
26683
27122
25775
23217
21524
27861

## Estatisticas
Média: 27579,89 us
Desvio padrão: 10478,08 us
