# Resultados do Benchmark
# Tempos em microsegundos (us)

## Tempos brutos totais (incluindo warm-up)
91381
76036
117251
146673
117401
70167
105285
118503
78135
79813
66121
56667
70670
47550
58191
44968
39662
29179
30615
21710
19978
17615
18117
18888
18461
21767
22077
19078
24465
16556
19592
25164

## Tempos sem warm-up
117251
146673
117401
70167
105285
118503
78135
79813
66121
56667
70670
47550
58191
44968
39662
29179
30615
21710
19978
17615
18117
18888
18461
21767
22077
19078
24465
16556
19592
25164

## Tempos sem outliers
117251
146673
117401
70167
105285
118503
78135
79813
66121
56667
70670
47550
58191
44968
39662
29179
30615
21710
19978
17615
18117
18888
18461
21767
22077
19078
24465
16556
19592
25164

## Estatisticas
Média: 51343,97 us
Desvio padrão: 37835,41 us
