# Resultados do Benchmark
# Tempos em microsegundos (us)

## Tempos brutos totais (incluindo warm-up)
50415
83281
57538
71121
62169
45150
23584
27959
12789
13395
13987
13197
13031
15826
19825
14848
20595
19648
20242
15839
16968
18525
20905
15012
15601
18190
20906
20710
24962
24082
32707
30407

## Tempos sem warm-up
57538
71121
62169
45150
23584
27959
12789
13395
13987
13197
13031
15826
19825
14848
20595
19648
20242
15839
16968
18525
20905
15012
15601
18190
20906
20710
24962
24082
32707
30407

## Tempos sem outliers
23584
27959
12789
13395
13987
13197
13031
15826
19825
14848
20595
19648
20242
15839
16968
18525
20905
15012
15601
18190
20906
20710
24962
24082
32707
30407

## Estatisticas
Média: 19374,62 us
Desvio padrão: 5391,01 us
