# Resultados do Benchmark
# Tempos em microsegundos (us)

## Tempos brutos totais (incluindo warm-up)
28083
45765
51237
34670
36103
22323
20197
20702
32361
28331
20561
22562
32801
49438
31140
32877
53393
70057
25648
26354
29695
33156
31165
27814
26902
84271
93050
55807
39787
37768
41726
72703

## Tempos sem warm-up
51237
34670
36103
22323
20197
20702
32361
28331
20561
22562
32801
49438
31140
32877
53393
70057
25648
26354
29695
33156
31165
27814
26902
84271
93050
55807
39787
37768
41726
72703

## Tempos sem outliers
51237
34670
36103
22323
20197
20702
32361
28331
20561
22562
32801
49438
31140
32877
53393
70057
25648
26354
29695
33156
31165
27814
26902
84271
55807
39787
37768
41726
72703

## Estatisticas
Média: 37639,62 us
Desvio padrão: 16415,77 us
