# Resultados do Benchmark
# Tempos em microsegundos (us)

## Tempos brutos totais (incluindo warm-up)
25313
32823
47251
35969
30716
24369
21800
17364
16530
20296
18948
15771
18447
15373
13468
14531
15100
14641
15123
22086
20745
26472
41240
58168
68895
54694
26646
29072
34901
24901
18165
20917

## Tempos sem warm-up
47251
35969
30716
24369
21800
17364
16530
20296
18948
15771
18447
15373
13468
14531
15100
14641
15123
22086
20745
26472
41240
58168
68895
54694
26646
29072
34901
24901
18165
20917

## Tempos sem outliers
47251
35969
30716
24369
21800
17364
16530
20296
18948
15771
18447
15373
13468
14531
15100
14641
15123
22086
20745
26472
41240
54694
26646
29072
34901
24901
18165
20917

## Estatisticas
Média: 24126,29 us
Desvio padrão: 10448,06 us
