# Resultados do Benchmark
# Tempos em microsegundos (us)

## Tempos brutos totais (incluindo warm-up)
91248
62528
82900
66355
38812
77485
40945
49870
26958
23164
35615
46248
26249
14584
13298
13769
15333
21489
31811
27190
35236
27846
63688
44230
45341
70589
53478
60058
61762
83415
44784
31882

## Tempos sem warm-up
82900
66355
38812
77485
40945
49870
26958
23164
35615
46248
26249
14584
13298
13769
15333
21489
31811
27190
35236
27846
63688
44230
45341
70589
53478
60058
61762
83415
44784
31882

## Tempos sem outliers
82900
66355
38812
77485
40945
49870
26958
23164
35615
46248
26249
14584
13298
13769
15333
21489
31811
27190
35236
27846
63688
44230
45341
70589
53478
60058
61762
83415
44784
31882

## Estatisticas
Média: 42479,47 us
Desvio padrão: 20786,66 us
