# Resultados do Benchmark
# Tempos em microsegundos (us)

## Tempos brutos totais (incluindo warm-up)
167805
35519
39429
35395
32506
33123
33417
30617
32187
31246
27873
30570
30824
30682
26692
30165
30674
27503
24734
30601
26781
24639
22235
23170
22179
23492
22056
21996
22527
22935
22948
23099

## Tempos sem warm-up
39429
35395
32506
33123
33417
30617
32187
31246
27873
30570
30824
30682
26692
30165
30674
27503
24734
30601
26781
24639
22235
23170
22179
23492
22056
21996
22527
22935
22948
23099

## Tempos sem outliers
39429
35395
32506
33123
33417
30617
32187
31246
27873
30570
30824
30682
26692
30165
30674
27503
24734
30601
26781
24639
22235
23170
22179
23492
22056
21996
22527
22935
22948
23099

## Estatisticas
Média: 27876,50 us
Desvio padrão: 4729,80 us
