# Resultados do Benchmark
# Tempos em microsegundos (us)

## Tempos brutos totais (incluindo warm-up)
246411
48167
108564
63308
69572
31035
37747
32820
33422
30704
33952
30616
25808
23861
23200
23423
23047
23088
23068
23046
24425
26193
23961
23025
23152
22010
23656
29021
31359
30639
32424
36271

## Tempos sem warm-up
108564
63308
69572
31035
37747
32820
33422
30704
33952
30616
25808
23861
23200
23423
23047
23088
23068
23046
24425
26193
23961
23025
23152
22010
23656
29021
31359
30639
32424
36271

## Tempos sem outliers
31035
37747
32820
33422
30704
33952
30616
25808
23861
23200
23423
23047
23088
23068
23046
24425
26193
23961
23025
23152
22010
23656
29021
31359
30639
32424
36271

## Estatisticas
Média: 27591,59 us
Desvio padrão: 4835,80 us
