# Resultados do Benchmark
# Tempos em microsegundos (us)

## Tempos brutos totais (incluindo warm-up)
21777
22666
5748
5319
4789
5454
4958
4868
4624
5250
5112
4750
4761
4533
4502
4529
4493
4379
4557
4450
4520
4511
4643
5005
4543
4538
4461
4423
4391
4448
4404
4648

## Tempos sem warm-up
5748
5319
4789
5454
4958
4868
4624
5250
5112
4750
4761
4533
4502
4529
4493
4379
4557
4450
4520
4511
4643
5005
4543
4538
4461
4423
4391
4448
4404
4648

## Tempos sem outliers
5319
4789
5454
4958
4868
4624
5250
5112
4750
4761
4533
4502
4529
4493
4379
4557
4450
4520
4511
4643
5005
4543
4538
4461
4423
4391
4448
4404
4648

## Estatisticas
Média: 4684,93 us
Desvio padrão: 296,15 us
