# Resultados do Benchmark
# Tempos em microsegundos (us)

## Tempos brutos totais (incluindo warm-up)
3850
4253
3986
4713
4323
3729
7640
7174
6419
12029
9160
9653
7821
9257
8455
6780
6006
6150
4706
4463
4173
3847
4111
3557
3487
4221
5741
5916
6150
5643
6140
5883

## Tempos sem warm-up
3986
4713
4323
3729
7640
7174
6419
12029
9160
9653
7821
9257
8455
6780
6006
6150
4706
4463
4173
3847
4111
3557
3487
4221
5741
5916
6150
5643
6140
5883

## Tempos sem outliers
3986
4713
4323
3729
7640
7174
6419
9160
9653
7821
9257
8455
6780
6006
6150
4706
4463
4173
3847
4111
3557
3487
4221
5741
5916
6150
5643
6140
5883

## Estatisticas
Média: 5838,07 us
Desvio padrão: 1816,21 us
