# Resultados do Benchmark
# Tempos em microsegundos (us)

## Tempos brutos totais (incluindo warm-up)
3086
2581
2360
2642
3155
3181
3713
4628
3735
4575
3256
3182
3260
3239
3147
3103
4874
3029
3503
3182
3188
3032
3054
2832
3097
2735
2478
2445
2307
2708
2893
3092

## Tempos sem warm-up
2360
2642
3155
3181
3713
4628
3735
4575
3256
3182
3260
3239
3147
3103
4874
3029
3503
3182
3188
3032
3054
2832
3097
2735
2478
2445
2307
2708
2893
3092

## Tempos sem outliers
2360
2642
3155
3181
3713
3735
3256
3182
3260
3239
3147
3103
3029
3503
3182
3188
3032
3054
2832
3097
2735
2478
2445
2307
2708
2893
3092

## Estatisticas
Média: 3020,30 us
Desvio padrão: 366,25 us
