# Resultados do Benchmark
# Tempos em microsegundos (us)

## Tempos brutos totais (incluindo warm-up)
4054
3638
3337
3417
3395
5469
3285
3387
6916
3363
3030
3001
2972
2830
3136
3122
2981
3034
2964
2880
2898
2959
2928
2990
2997
3000
3325
3242
3384
3126
3498
3428

## Tempos sem warm-up
3337
3417
3395
5469
3285
3387
6916
3363
3030
3001
2972
2830
3136
3122
2981
3034
2964
2880
2898
2959
2928
2990
2997
3000
3325
3242
3384
3126
3498
3428

## Tempos sem outliers
3337
3417
3395
3285
3387
3363
3030
3001
2972
2830
3136
3122
2981
3034
2964
2880
2898
2959
2928
2990
2997
3000
3325
3242
3384
3126
3498
3428

## Estatisticas
Média: 3139,61 us
Desvio padrão: 203,47 us
