# Resultados do Benchmark
# Tempos em microsegundos (us)

## Tempos brutos totais (incluindo warm-up)
5018
5050
5273
5499
6789
5184
5401
5304
18930
4096
4432
4365
14604
12875
15619
17399
12612
6939
5718
5189
4664
4592
3749
3483
4436
6512
6148
6409
7792
6495
6262
6791

## Tempos sem warm-up
5273
5499
6789
5184
5401
5304
18930
4096
4432
4365
14604
12875
15619
17399
12612
6939
5718
5189
4664
4592
3749
3483
4436
6512
6148
6409
7792
6495
6262
6791

## Tempos sem outliers
5273
5499
6789
5184
5401
5304
4096
4432
4365
6939
5718
5189
4664
4592
3749
3483
4436
6512
6148
6409
7792
6495
6262
6791

## Estatisticas
Média: 5480,08 us
Desvio padrão: 1123,22 us
