# Resultados do Benchmark
# Tempos em microsegundos (us)

## Tempos brutos totais (incluindo warm-up)
3621
3382
3679
5095
3668
3384
3318
3960
3291
3274
5702
3175
3315
3672
3545
3613
3267
2938
2918
2758
2799
2574
2589
2591
2777
2893
2616
2823
2807
2754
2980
4629

## Tempos sem warm-up
3679
5095
3668
3384
3318
3960
3291
3274
5702
3175
3315
3672
3545
3613
3267
2938
2918
2758
2799
2574
2589
2591
2777
2893
2616
2823
2807
2754
2980
4629

## Tempos sem outliers
3679
3668
3384
3318
3960
3291
3274
3175
3315
3672
3545
3613
3267
2938
2918
2758
2799
2574
2589
2591
2777
2893
2616
2823
2807
2754
2980
4629

## Estatisticas
Média: 3164,54 us
Desvio padrão: 487,76 us
