# Resultados do Benchmark
# Tempos em microsegundos (us)

## Tempos brutos totais (incluindo warm-up)
3811
3453
3508
3663
4633
2991
3346
2719
2574
2623
2595
2711
2950
2722
2827
2614
2608
2617
2693
2640
2634
2597
2716
2543
2845
2625
2876
2527
2655
2735
7809
2678

## Tempos sem warm-up
3508
3663
4633
2991
3346
2719
2574
2623
2595
2711
2950
2722
2827
2614
2608
2617
2693
2640
2634
2597
2716
2543
2845
2625
2876
2527
2655
2735
7809
2678

## Tempos sem outliers
2991
2719
2574
2623
2595
2711
2950
2722
2827
2614
2608
2617
2693
2640
2634
2597
2716
2543
2845
2625
2876
2527
2655
2735
2678

## Estatisticas
Média: 2692,60 us
Desvio padrão: 121,33 us
