# Resultados do Benchmark
# Tempos em microsegundos (us)

## Tempos brutos totais (incluindo warm-up)
3602
3098
2802
2640
2868
3286
3157
3874
3741
4597
3981
3703
4099
3227
3150
3394
4503
3613
3891
3711
3909
3474
3965
3333
4000
3238
2992
4405
3564
3577
3317
3571

## Tempos sem warm-up
2802
2640
2868
3286
3157
3874
3741
4597
3981
3703
4099
3227
3150
3394
4503
3613
3891
3711
3909
3474
3965
3333
4000
3238
2992
4405
3564
3577
3317
3571

## Tempos sem outliers
2802
2640
2868
3286
3157
3874
3741
4597
3981
3703
4099
3227
3150
3394
4503
3613
3891
3711
3909
3474
3965
3333
4000
3238
2992
4405
3564
3577
3317
3571

## Estatisticas
Média: 3586,07 us
Desvio padrão: 487,11 us
