# Resultados do Benchmark
# Tempos em microsegundos (us)

## Tempos brutos totais (incluindo warm-up)
4881
6481
5335
4424
4580
4447
4263
5335
5628
5073
4404
4291
5127
4272
4472
4241
4502
4506
4331
4149
4256
4120
4116
4310
4290
4174
4279
4434
4748
4475
4124
5295

## Tempos sem warm-up
5335
4424
4580
4447
4263
5335
5628
5073
4404
4291
5127
4272
4472
4241
4502
4506
4331
4149
4256
4120
4116
4310
4290
4174
4279
4434
4748
4475
4124
5295

## Tempos sem outliers
4424
4580
4447
4263
5073
4404
4291
5127
4272
4472
4241
4502
4506
4331
4149
4256
4120
4116
4310
4290
4174
4279
4434
4748
4475
4124

## Estatisticas
Média: 4400,31 us
Desvio padrão: 257,16 us
