# Resultados do Benchmark
# Tempos em microsegundos (us)

## Tempos brutos totais (incluindo warm-up)
2963
4418
2991
3256
4517
2900
2944
2735
2798
2949
2842
2667
2689
2816
2642
2730
2743
2792
2719
2929
2759
2743
2651
2856
3100
2940
2949
43954
4070
4091
4061
4241

## Tempos sem warm-up
2991
3256
4517
2900
2944
2735
2798
2949
2842
2667
2689
2816
2642
2730
2743
2792
2719
2929
2759
2743
2651
2856
3100
2940
2949
43954
4070
4091
4061
4241

## Tempos sem outliers
2991
3256
2900
2944
2735
2798
2949
2842
2667
2689
2816
2642
2730
2743
2792
2719
2929
2759
2743
2651
2856
3100
2940
2949

## Estatisticas
Média: 2839,17 us
Desvio padrão: 149,67 us
