# Resultados do Benchmark
# Tempos em microsegundos (us)

## Tempos brutos totais (incluindo warm-up)
31162
11056
8454
8053
7733
7599
7786
8030
7879
7790
7586
7505
8043
7735
7451
7414
7482
7895
7819
7563
7644
7627
7663
7572
7824
8695
7661
7824
7521
8381
6981
6906

## Tempos sem warm-up
8454
8053
7733
7599
7786
8030
7879
7790
7586
7505
8043
7735
7451
7414
7482
7895
7819
7563
7644
7627
7663
7572
7824
8695
7661
7824
7521
8381
6981
6906

## Tempos sem outliers
8053
7733
7599
7786
8030
7879
7790
7586
7505
8043
7735
7451
7414
7482
7895
7819
7563
7644
7627
7663
7572
7824
7661
7824
7521

## Estatisticas
Média: 7707,96 us
Desvio padrão: 184,10 us
