# Resultados do Benchmark
# Tempos em microsegundos (us)

## Tempos brutos totais (incluindo warm-up)
24427
8560
7779
7939
6804
7000
6630
6531
8047
7797
7002
6683
6762
6664
6650
6712
6229
6239
6248
6189
6187
6248
6571
6737
6733
6680
6675
6655
7197
6700
6279
6459

## Tempos sem warm-up
7779
7939
6804
7000
6630
6531
8047
7797
7002
6683
6762
6664
6650
6712
6229
6239
6248
6189
6187
6248
6571
6737
6733
6680
6675
6655
7197
6700
6279
6459

## Tempos sem outliers
6804
7000
6630
6531
7002
6683
6762
6664
6650
6712
6229
6239
6248
6189
6187
6248
6571
6737
6733
6680
6675
6655
7197
6700
6279
6459

## Estatisticas
Média: 6594,77 us
Desvio padrão: 269,62 us
